[  6.973389  31          54            1        ]
[  6.829079  45          49            1        ]
[  -14.989552  14          56            2        ]
[  -7.007683  24          11            2        ]
[  -12.128090  25          30            2        ]
[  -14.770447  46          43            2        ]
[  -2.909447  12          22            3        ]
[  -14.382225  28          49            3        ]
[  -10.323658  48          26            3        ]
[  -8.704899  56          13            3        ]

