[  5.974960  19          233            1        ]
[  -5.308701  30          215            1        ]
[  -7.970699  49          216            1        ]
[  4.360168  49          247            1        ]
[  10.870209  52          157            1        ]
[  -5.410202  66          68            1        ]
[  -3.834793  78          198            1        ]
[  8.656723  87          187            1        ]
[  -13.319977  93          184            1        ]
[  -13.594696  101          170            1        ]
[  14.100098  109          68            1        ]
[  5.402733  109          86            1        ]
[  4.802879  115          79            1        ]
[  -5.696514  119          83            1        ]
[  -16.272072  132          163            1        ]
[  -5.607281  134          86            1        ]
[  9.412476  137          155            1        ]
[  -11.286911  140          60            1        ]
[  5.257172  145          79            1        ]
[  4.264610  146          171            1        ]
[  6.561699  147          63            1        ]
[  7.188164  154          63            1        ]
[  -7.745499  156          34            1        ]
[  -12.217247  157          104            1        ]
[  10.367783  157          158            1        ]
[  -13.123997  159          192            1        ]
[  -13.398891  160          88            1        ]
[  17.947388  162          94            1        ]
[  3.296520  166          178            1        ]
[  -9.399055  168          78            1        ]
[  11.793541  168          85            1        ]
[  -6.753502  191          122            1        ]
[  -4.777115  195          195            1        ]
[  3.774521  196          176            1        ]
[  4.932762  197          123            1        ]
[  7.637802  199          238            1        ]
[  -4.739132  205          68            1        ]
[  5.732338  205          77            1        ]
[  2.931297  212          124            1        ]
[  7.439941  213          80            1        ]
[  -4.438553  214          109            1        ]
[  7.461319  218          217            1        ]
[  -5.511238  219          212            1        ]
[  -7.674316  230          216            1        ]
[  6.763763  239          104            1        ]
[  -5.161945  247          236            1        ]
[  4.847000  25          114            2        ]
[  5.252151  47          194            2        ]
[  5.868332  85          137            2        ]
[  3.870064  103          92            2        ]
[  -10.698692  106          188            2        ]
[  -8.632416  130          105            2        ]
[  -4.249161  135          248            2        ]
[  -4.157059  141          238            2        ]
[  4.310883  145          243            2        ]
[  -10.527313  150          94            2        ]
[  10.589088  152          87            2        ]
[  16.750420  152          101            2        ]
[  -8.413742  162          152            2        ]
[  6.743767  164          65            2        ]
[  -7.753136  170          34            2        ]
[  5.564072  187          152            2        ]
[  -7.919559  209          37            2        ]
[  -3.386135  209          58            2        ]
[  7.362022  220          113            2        ]
[  5.928902  222          78            2        ]
[  3.907791  224          190            2        ]
[  2.770332  227          123            2        ]
[  4.656952  229          201            2        ]
[  -11.910934  232          188            2        ]
[  13.277939  236          220            2        ]
[  -14.538128  238          206            2        ]
[  -10.220131  241          224            2        ]
[  15.168182  242          213            2        ]
[  5.723320  248          242            2        ]
[  19.898895  30          222            3        ]
[  -9.434494  37          10            3        ]
[  14.002686  73          204            3        ]
[  2.948975  81          116            3        ]
[  -16.086609  91          139            3        ]
[  8.591644  101          140            3        ]
[  -14.130219  112          175            3        ]
[  -10.163635  128          141            3        ]
[  -8.508785  138          100            3        ]
[  7.561455  140          81            3        ]
[  2.833038  167          138            3        ]
[  9.939331  169          154            3        ]
[  -8.518379  190          83            3        ]
[  -10.923210  203          13            3        ]

