[  4.843338  50          458            1        ]
[  3.176895  51          214            1        ]
[  6.830124  70          281            1        ]
[  -10.664330  80          301            1        ]
[  -5.760010  112          213            1        ]
[  -5.889626  116          134            1        ]
[  -13.544334  116          418            1        ]
[  7.027847  133          335            1        ]
[  4.185516  137          190            1        ]
[  3.279922  140          236            1        ]
[  3.038391  149          178            1        ]
[  3.201950  152          219            1        ]
[  -4.123322  159          317            1        ]
[  -4.710411  170          150            1        ]
[  4.075439  170          214            1        ]
[  3.157516  175          209            1        ]
[  -16.017597  178          289            1        ]
[  -11.779778  178          406            1        ]
[  -3.743011  181          148            1        ]
[  -7.788914  181          255            1        ]
[  -12.307014  190          274            1        ]
[  -9.159481  191          249            1        ]
[  -3.894676  192          152            1        ]
[  8.930290  193          239            1        ]
[  5.196716  195          286            1        ]
[  6.918549  196          199            1        ]
[  13.503937  197          382            1        ]
[  4.542755  200          189            1        ]
[  -4.896992  201          239            1        ]
[  5.754761  205          274            1        ]
[  -3.133499  207          434            1        ]
[  4.542183  209          203            1        ]
[  -2.848000  213          432            1        ]
[  -8.003193  220          181            1        ]
[  -7.324448  221          221            1        ]
[  -7.986652  222          370            1        ]
[  -4.240955  237          216            1        ]
[  -3.126989  245          193            1        ]
[  -8.839104  248          279            1        ]
[  -7.027138  248          373            1        ]
[  7.125771  251          265            1        ]
[  11.399132  252          273            1        ]
[  3.494949  254          121            1        ]
[  -10.119455  259          143            1        ]
[  -7.003029  259          403            1        ]
[  19.201263  272          117            1        ]
[  -13.861259  276          94            1        ]
[  -7.385996  277          141            1        ]
[  -7.624207  278          273            1        ]
[  -7.222282  282          125            1        ]
[  8.280884  282          135            1        ]
[  8.184402  283          95            1        ]
[  -8.846565  284          105            1        ]
[  -11.509941  307          93            1        ]
[  17.900742  309          172            1        ]
[  -3.483353  317          149            1        ]
[  -4.088173  318          286            1        ]
[  3.535248  319          292            1        ]
[  -10.832005  325          197            1        ]
[  17.551468  329          148            1        ]
[  5.984695  331          310            1        ]
[  -8.862679  336          178            1        ]
[  -8.565403  337          370            1        ]
[  -3.625980  343          122            1        ]
[  8.596962  344          142            1        ]
[  -13.485073  344          148            1        ]
[  3.551151  344          206            1        ]
[  3.038269  345          291            1        ]
[  -7.389912  348          89            1        ]
[  -7.233559  349          67            1        ]
[  -9.957756  349          310            1        ]
[  -5.114220  350          213            1        ]
[  9.057823  351          83            1        ]
[  3.436493  356          128            1        ]
[  7.218658  356          296            1        ]
[  9.649704  356          304            1        ]
[  -8.256081  364          131            1        ]
[  11.954216  368          114            1        ]
[  3.673927  370          21            1        ]
[  -3.391914  378          346            1        ]
[  -6.587971  387          82            1        ]
[  -4.022583  390          185            1        ]
[  -11.060654  392          129            1        ]
[  4.162140  393          180            1        ]
[  4.079720  394          351            1        ]
[  9.828445  396          135            1        ]
[  -3.581608  396          185            1        ]
[  -11.270050  397          67            1        ]
[  -9.642868  401          116            1        ]
[  -4.028440  402          185            1        ]
[  -10.913322  403          98            1        ]
[  10.085709  405          93            1        ]
[  -12.171997  407          348            1        ]
[  -3.686535  411          104            1        ]
[  -4.855005  414          114            1        ]
[  4.066696  414          243            1        ]
[  -4.763428  417          101            1        ]
[  -7.108860  417          124            1        ]
[  10.307571  420          163            1        ]
[  19.466248  426          177            1        ]
[  5.320084  427          157            1        ]
[  -7.746359  429          109            1        ]
[  -14.404705  430          171            1        ]
[  6.574554  443          152            1        ]
[  -13.326229  445          168            1        ]
[  -3.915199  452          481            1        ]
[  -8.876392  457          164            1        ]
[  14.555519  458          173            1        ]
[  -6.291786  459          137            1        ]
[  5.160812  474          217            1        ]
[  -2.892361  474          466            1        ]
[  5.099419  485          200            1        ]
[  3.592102  487          6            1        ]
[  -2.747284  489          12            1        ]
[  -9.207851  497          130            1        ]
[  10.590073  498          136            1        ]
[  -10.174503  505          134            1        ]
[  5.819916  56          259            2        ]
[  11.805634  79          294            2        ]
[  5.414803  88          502            2        ]
[  -11.444847  93          311            2        ]
[  4.317581  109          227            2        ]
[  -6.959583  110          474            2        ]
[  11.799118  114          322            2        ]
[  -5.872131  119          202            2        ]
[  -5.780464  126          134            2        ]
[  5.055191  126          204            2        ]
[  4.507324  130          199            2        ]
[  3.150803  143          184            2        ]
[  -7.209793  152          448            2        ]
[  -4.481476  154          395            2        ]
[  18.257111  179          399            2        ]
[  7.320557  185          355            2        ]
[  4.449974  187          258            2        ]
[  3.451813  190          146            2        ]
[  -6.084217  195          427            2        ]
[  3.061890  196          158            2        ]
[  5.159103  196          362            2        ]
[  7.076256  197          251            2        ]
[  4.667435  218          265            2        ]
[  -8.440361  220          143            2        ]
[  -6.280273  227          414            2        ]
[  -4.632090  231          179            2        ]
[  6.024818  233          418            2        ]
[  -10.964378  238          226            2        ]
[  5.738464  246          291            2        ]
[  -3.566605  254          113            2        ]
[  -6.609020  254          375            2        ]
[  -5.425997  258          188            2        ]
[  -14.219296  262          282            2        ]
[  13.628128  263          110            2        ]
[  13.569122  266          337            2        ]
[  -10.530441  271          127            2        ]
[  -6.281040  271          399            2        ]
[  5.181641  273          247            2        ]
[  9.395699  278          102            2        ]
[  -2.792290  286          88            2        ]
[  -5.142971  295          109            2        ]
[  -10.880405  295          165            2        ]
[  9.827675  295          172            2        ]
[  -10.866932  309          186            2        ]
[  -10.942612  311          185            2        ]
[  3.110229  315          358            2        ]
[  -5.356258  319          91            2        ]
[  -8.313324  328          155            2        ]
[  -10.031719  330          141            2        ]
[  7.415947  332          135            2        ]
[  -8.775528  350          296            2        ]
[  -5.089249  358          99            2        ]
[  -3.388691  369          15            2        ]
[  16.388840  371          157            2        ]
[  5.117210  377          129            2        ]
[  -9.927094  379          121            2        ]
[  -6.492306  382          81            2        ]
[  7.031631  386          147            2        ]
[  -6.010590  393          82            2        ]
[  4.201851  406          437            2        ]
[  3.098373  414          497            2        ]
[  -5.610931  418          442            2        ]
[  -13.391785  422          170            2        ]
[  -8.329056  422          237            2        ]
[  -11.042711  428          183            2        ]
[  11.818138  433          103            2        ]
[  -9.517120  434          151            2        ]
[  12.505013  440          172            2        ]
[  -8.570042  444          145            2        ]
[  -6.221375  449          69            2        ]
[  6.842812  455          156            2        ]
[  -6.384930  470          169            2        ]
[  11.201477  476          423            2        ]
[  -4.457024  477          73            2        ]
[  -7.106850  477          145            2        ]
[  -5.003611  487          127            2        ]
[  7.984711  493          122            2        ]
[  -7.258091  498          115            2        ]
[  -10.116592  505          384            2        ]
[  9.874435  91          301            3        ]
[  5.044556  115          220            3        ]
[  -8.434570  134          458            3        ]
[  9.932869  177          244            3        ]
[  -7.307819  182          432            3        ]
[  -6.311523  185          138            3        ]
[  15.690918  187          390            3        ]
[  -8.844025  196          264            3        ]
[  -5.785992  207          213            3        ]
[  -10.800522  211          374            3        ]
[  3.010876  219          207            3        ]
[  4.678894  232          270            3        ]
[  -6.952072  236          373            3        ]
[  -17.564541  248          136            3        ]
[  -5.565285  252          152            3        ]
[  -4.555632  253          200            3        ]
[  -7.640400  264          136            3        ]
[  18.458618  268          275            3        ]
[  14.082115  269          337            3        ]
[  -5.273621  269          345            3        ]
[  5.340256  290          159            3        ]
[  9.706009  297          173            3        ]
[  3.035545  299          226            3        ]
[  7.346626  356          318            3        ]
[  -8.855995  363          68            3        ]
[  -7.047325  387          109            3        ]
[  -11.859497  403          445            3        ]
[  -13.288464  408          478            3        ]
[  7.800430  419          230            3        ]
[  4.247589  427          142            3        ]
[  3.131367  428          192            3        ]
[  -7.771145  449          177            3        ]
[  -9.714436  462          153            3        ]
[  4.342331  464          418            3        ]
[  9.517029  472          150            3        ]
[  6.687370  480          207            3        ]
[  4.660393  490          461            3        ]

