[  -4.036201  5          81            1        ]
[  6.866119  26          88            1        ]
[  -6.458511  31          17            1        ]
[  10.998306  45          32            1        ]
[  -3.739998  46          38            1        ]
[  3.473648  47          50            1        ]
[  8.463089  51          70            1        ]
[  -12.120201  51          86            1        ]
[  -4.885681  54          5            1        ]
[  -9.376141  54          60            1        ]
[  13.576050  65          58            1        ]
[  -15.950302  66          64            1        ]
[  -6.213566  67          35            1        ]
[  -10.751953  73          97            1        ]
[  6.281097  76          101            1        ]
[  13.049049  88          40            1        ]
[  -5.030251  89          25            1        ]
[  5.342361  94          74            1        ]
[  5.853317  103          96            1        ]
[  -4.444725  109          52            1        ]
[  2.749031  114          63            1        ]
[  -4.121037  119          33            1        ]
[  -11.489708  22          80            2        ]
[  -19.660957  28          94            2        ]
[  -4.918480  37          37            2        ]
[  14.208725  59          83            2        ]
[  11.641541  60          62            2        ]
[  -9.352966  71          47            2        ]
[  -8.729149  77          5            2        ]
[  -7.005085  77          36            2        ]
[  9.948669  85          78            2        ]
[  -9.629402  101          109            2        ]
[  12.776947  105          85            2        ]
[  3.322144  6          88            3        ]
[  18.778656  33          100            3        ]
[  -10.630775  66          87            3        ]
[  7.289703  74          66            3        ]
[  10.827835  75          80            3        ]
[  4.249565  86          60            3        ]
[  11.674530  97          117            3        ]
[  7.937782  108          41            3        ]
[  -4.395000  109          32            3        ]
[  14.250946  110          111            3        ]
[  -12.112106  119          99            3        ]
[  -7.908493  120          46            3        ]

