 [  -7.74549866  156.           34.            1.        ]
 [   7.18816376  154.           63.            1.        ]
 [ -11.28689957  140.           60.            1.        ]
 [   6.56170654  147.           63.            1.        ]
 [  -5.4101944    66.           68.            1.        ]
 [  14.10011292  109.           68.            1.        ]
 [   4.80288696  115.           79.            1.        ]
 [   5.257164    145.           79.            1.        ]
 [  -9.39905548  168.           78.            1.        ]
 [  -4.7391243   205.           68.            1.        ]
 [   5.73234558  205.           77.            1.        ]
 [  11.79354095  168.           85.            1.        ]
 [   7.43994904  213.           80.            1.        ]
 [  17.94740295  162.           94.            1.        ]
 [ -13.39888763  160.           88.            1.        ]
 [   5.40273285  109.           86.            1.        ]
 [  -5.69651031  119.           83.            1.        ]
 [  -5.60727692  134.           86.            1.        ]
 [ -12.21724701  157.          104.            1.        ]
 [  -4.43854523  214.          109.            1.        ]
 [   6.76376343  239.          104.            1.        ]
 [   2.9312973   212.          124.            1.        ]
 [   4.93276978  197.          123.            1.        ]
 [  -6.75350189  191.          122.            1.        ]
 [  10.36778259  157.          158.            1.        ]
 [   9.41246033  137.          155.            1.        ]
 [  10.87020874   52.          157.            1.        ]
 [ -13.59467316  101.          170.            1.        ]
 [ -16.27205658  132.          163.            1.        ]
 [   4.26462555  146.          171.            1.        ]
 [   3.7745285   196.          176.            1.        ]
 [   3.29652023  166.          178.            1.        ]
 [   8.65675354   87.          187.            1.        ]
 [ -13.31999207   93.          184.            1.        ]
 [  -3.83477783   78.          198.            1.        ]
 [  -4.77710724  195.          195.            1.        ]
 [ -13.12399673  159.          192.            1.        ]
 [   7.46131897  218.          217.            1.        ]
 [  -5.51126099  219.          212.            1.        ]
 [  -7.67431641  230.          216.            1.        ]
 [  -7.97069168   49.          216.            1.        ]
 [  -5.3086853    30.          215.            1.        ]
 [   5.97494507   19.          233.            1.        ]
 [   7.63781738  199.          238.            1.        ]
 [  -5.1619339   247.          236.            1.        ]
 [   4.36016846   49.          247.            1.        ]
 [  -7.91955948  209.           37.            2.        ]
 [  -7.75315094  170.           34.            2.        ]
 [  -3.38613892  209.           58.            2.        ]
 [   6.74376678  164.           65.            2.        ]
 [   5.9289093   222.           78.            2.        ]
 [ -10.52731323  150.           94.            2.        ]
 [  10.58909607  152.           87.            2.        ]
 [   3.87007141  103.           92.            2.        ]
 [  16.75041199  152.          101.            2.        ]
 [  -8.63241577  130.          105.            2.        ]
 [   2.77033997  227.          123.            2.        ]
 [   7.3620224   220.          113.            2.        ]
 [   4.84698486   25.          114.            2.        ]
 [   5.86833191   85.          137.            2.        ]
 [   5.56407166  187.          152.            2.        ]
 [  -8.41375732  162.          152.            2.        ]
 [ -11.91091919  232.          188.            2.        ]
 [   3.90777588  224.          190.            2.        ]
 [ -10.69868851  106.          188.            2.        ]
 [   5.25214386   47.          194.            2.        ]
 [   4.65696716  229.          201.            2.        ]
 [ -14.53810883  238.          206.            2.        ]
 [  15.16821289  242.          213.            2.        ]
 [  13.27793884  236.          220.            2.        ]
 [  -4.15705872  141.          238.            2.        ]
 [   5.72333527  248.          242.            2.        ]
 [ -10.22013855  241.          224.            2.        ]
 [   4.31086731  145.          243.            2.        ]
 [  -4.24909973  135.          248.            2.        ]
 [  -9.43449402   37.           10.            3.        ]
 [ -10.92321777  203.           13.            3.        ]
 [  -8.51837921  190.           83.            3.        ]
 [   7.56147003  140.           81.            3.        ]
 [  -8.50878525  138.          100.            3.        ]
 [   2.94897461   81.          116.            3.        ]
 [   8.59164429  101.          140.            3.        ]
 [ -16.08659363   91.          139.            3.        ]
 [ -10.16363525  128.          141.            3.        ]
 [   2.83302307  167.          138.            3.        ]
 [   9.9393158   169.          154.            3.        ]
 [ -14.13021088  112.          175.            3.        ]
 [  14.00268555   73.          204.            3.        ]
 [  19.89886475   30.          222.            3.        ]
 
 
 
 
 
