 [   3.59210968  487.            6.            1.        ]
 [  -2.74729156  489.           12.            1.        ]
 [   3.67393494  370.           21.            1.        ]
 [  -7.23355865  349.           67.            1.        ]
 [ -11.27005005  397.           67.            1.        ]
 [  -6.58797455  387.           82.            1.        ]
 [  10.08571625  405.           93.            1.        ]
 [  -7.38990402  348.           89.            1.        ]
 [   9.05781555  351.           83.            1.        ]
 [ -11.50993729  307.           93.            1.        ]
 [   8.18441772  283.           95.            1.        ]
 [ -13.86125946  276.           94.            1.        ]
 [  -8.84655762  284.          105.            1.        ]
 [  -3.68653488  411.          104.            1.        ]
 [  -4.76342583  417.          101.            1.        ]
 [ -10.91332054  403.           98.            1.        ]
 [  -7.74635506  429.          109.            1.        ]
 [  -4.85500145  414.          114.            1.        ]
 [  -7.1088562   417.          124.            1.        ]
 [  -9.64286613  401.          116.            1.        ]
 [  11.95422363  368.          114.            1.        ]
 [  -3.62598038  343.          122.            1.        ]
 [  19.20127869  272.          117.            1.        ]
 [   3.4949646   254.          121.            1.        ]
 [  -7.22228622  282.          125.            1.        ]
 [  -5.88961029  116.          134.            1.        ]
 [ -10.11945915  259.          143.            1.        ]
 [  -7.38599396  277.          141.            1.        ]
 [   8.28089142  282.          135.            1.        ]
 [   8.59694672  344.          142.            1.        ]
 [  -8.25608063  364.          131.            1.        ]
 [   3.43650055  356.          128.            1.        ]
 [   9.82845306  396.          135.            1.        ]
 [ -11.06064987  392.          129.            1.        ]
 [  -6.29178047  459.          137.            1.        ]
 [  -9.2078476   497.          130.            1.        ]
 [ -10.17450333  505.          134.            1.        ]
 [  10.59008789  498.          136.            1.        ]
 [   6.57455444  443.          152.            1.        ]
 [   5.32007599  427.          157.            1.        ]
 [ -13.48506546  344.          148.            1.        ]
 [  17.55147552  329.          148.            1.        ]
 [  -3.48335457  317.          149.            1.        ]
 [  -3.89466858  192.          152.            1.        ]
 [  -3.74298859  181.          148.            1.        ]
 [  -4.71040344  170.          150.            1.        ]
 [  17.90074921  309.          172.            1.        ]
 [  10.30757141  420.          163.            1.        ]
 [ -14.4046936   430.          171.            1.        ]
 [ -13.32622528  445.          168.            1.        ]
 [  14.55550385  458.          173.            1.        ]
 [  -8.87639236  457.          164.            1.        ]
 [  19.46624756  426.          177.            1.        ]
 [  -4.02258682  390.          185.            1.        ]
 [   4.16213989  393.          180.            1.        ]
 [  -3.58160591  396.          185.            1.        ]
 [  -4.02843857  402.          185.            1.        ]
 [  -8.8626709   336.          178.            1.        ]
 [  -8.00318909  220.          181.            1.        ]
 [   4.54277039  200.          189.            1.        ]
 [   3.03840637  149.          178.            1.        ]
 [   4.18553162  137.          190.            1.        ]
 [   6.91855621  196.          199.            1.        ]
 [   4.54219055  209.          203.            1.        ]
 [  -3.12698746  245.          193.            1.        ]
 [   3.55115128  344.          206.            1.        ]
 [ -10.83200073  325.          197.            1.        ]
 [   5.09941864  485.          200.            1.        ]
 [   5.16081238  474.          217.            1.        ]
 [  -5.11421967  350.          213.            1.        ]
 [  -4.24095154  237.          216.            1.        ]
 [  -7.32444382  221.          221.            1.        ]
 [   3.20195007  152.          219.            1.        ]
 [   4.07545471  170.          214.            1.        ]
 [  -5.75999451  112.          213.            1.        ]
 [   3.15751648  175.          209.            1.        ]
 [   3.17689514   51.          214.            1.        ]
 [   3.27993774  140.          236.            1.        ]
 [   8.93030548  193.          239.            1.        ]
 [  -4.89699554  201.          239.            1.        ]
 [   4.06671906  414.          243.            1.        ]
 [  -9.15947723  191.          249.            1.        ]
 [  -7.7889061   181.          255.            1.        ]
 [   7.1257782   251.          265.            1.        ]
 [  11.39913177  252.          273.            1.        ]
 [  -8.8391037   248.          279.            1.        ]
 [  -4.08817291  318.          286.            1.        ]
 [  -7.62419128  278.          273.            1.        ]
 [   5.19673157  195.          286.            1.        ]
 [   5.75471497  205.          274.            1.        ]
 [ -12.30701637  190.          274.            1.        ]
 [ -10.66432953   80.          301.            1.        ]
 [   6.83013916   70.          281.            1.        ]
 [ -16.0175972   178.          289.            1.        ]
 [   7.21865845  356.          296.            1.        ]
 [   3.53526306  319.          292.            1.        ]
 [   3.03826904  345.          291.            1.        ]
 [   9.64970398  356.          304.            1.        ]
 [   5.98468018  331.          310.            1.        ]
 [  -9.95775604  349.          310.            1.        ]
 [  -4.12330627  159.          317.            1.        ]
 [   7.02786255  133.          335.            1.        ]
 [ -12.17199326  407.          348.            1.        ]
 [   4.07972717  394.          351.            1.        ]
 [  -3.39191055  378.          346.            1.        ]
 [  -8.56539917  337.          370.            1.        ]
 [  -7.02713394  248.          373.            1.        ]
 [  13.50396729  197.          382.            1.        ]
 [  -7.98665237  222.          370.            1.        ]
 [  -7.00302124  259.          403.            1.        ]
 [ -11.7797699   178.          406.            1.        ]
 [ -13.54433441  116.          418.            1.        ]
 [  -3.13349915  207.          434.            1.        ]
 [  -2.84801483  213.          432.            1.        ]
 [   4.84334564   50.          458.            1.        ]
 [  -2.89234924  474.          466.            1.        ]
 [  -3.91519928  452.          481.            1.        ]
 [  -3.38868713  369.           15.            2.        ]
 [  -6.22137451  449.           69.            2.        ]
 [  -4.45701599  477.           73.            2.        ]
 [  -6.01059341  393.           82.            2.        ]
 [  -6.49230194  382.           81.            2.        ]
 [  -5.35626602  319.           91.            2.        ]
 [  -2.79229736  286.           88.            2.        ]
 [  13.62812805  263.          110.            2.        ]
 [  -5.14296722  295.          109.            2.        ]
 [   9.39570618  278.          102.            2.        ]
 [  -5.08925056  358.           99.            2.        ]
 [  11.81813812  433.          103.            2.        ]
 [  -7.25808716  498.          115.            2.        ]
 [   7.98469543  493.          122.            2.        ]
 [  -5.00361061  487.          127.            2.        ]
 [  -9.92707825  379.          121.            2.        ]
 [  -3.56660461  254.          113.            2.        ]
 [ -10.53044128  271.          127.            2.        ]
 [  -5.7804718   126.          134.            2.        ]
 [  -8.44036865  220.          143.            2.        ]
 [   7.41596222  332.          135.            2.        ]
 [ -10.03171158  330.          141.            2.        ]
 [   5.11721039  377.          129.            2.        ]
 [  -7.10684586  477.          145.            2.        ]
 [   6.84281921  455.          156.            2.        ]
 [  -8.57004547  444.          145.            2.        ]
 [  -9.51712036  434.          151.            2.        ]
 [   7.03164673  386.          147.            2.        ]
 [  16.38885498  371.          157.            2.        ]
 [  -8.31332016  328.          155.            2.        ]
 [   3.06190491  196.          158.            2.        ]
 [   3.45181274  190.          146.            2.        ]
 [ -10.88040161  295.          165.            2.        ]
 [   9.8276825   295.          172.            2.        ]
 [  12.50502014  440.          172.            2.        ]
 [ -13.39178467  422.          170.            2.        ]
 [  -6.38492584  470.          169.            2.        ]
 [ -11.04271698  428.          183.            2.        ]
 [ -10.94260406  311.          185.            2.        ]
 [ -10.86693001  309.          186.            2.        ]
 [  -4.63208771  231.          179.            2.        ]
 [  -5.42599297  258.          188.            2.        ]
 [   3.15078735  143.          184.            2.        ]
 [  -5.87212372  119.          202.            2.        ]
 [   5.0552063   126.          204.            2.        ]
 [   4.50733948  130.          199.            2.        ]
 [   4.31755066  109.          227.            2.        ]
 [ -10.96437263  238.          226.            2.        ]
 [  -8.32905197  422.          237.            2.        ]
 [   5.18164062  273.          247.            2.        ]
 [   7.0762558   197.          251.            2.        ]
 [   5.81993103   56.          259.            2.        ]
 [   4.44998169  187.          258.            2.        ]
 [   4.66744995  218.          265.            2.        ]
 [ -14.21928024  262.          282.            2.        ]
 [  11.8056488    79.          294.            2.        ]
 [   5.73846436  246.          291.            2.        ]
 [  -8.7755127   350.          296.            2.        ]
 [ -11.44483948   93.          311.            2.        ]
 [  11.79911804  114.          322.            2.        ]
 [  13.56909943  266.          337.            2.        ]
 [   5.15911865  196.          362.            2.        ]
 [   7.3205719   185.          355.            2.        ]
 [   3.11022568  315.          358.            2.        ]
 [  -6.60902023  254.          375.            2.        ]
 [  18.25714111  179.          399.            2.        ]
 [  -4.48146057  154.          395.            2.        ]
 [  -6.28103638  271.          399.            2.        ]
 [ -10.11660767  505.          384.            2.        ]
 [  -6.28026962  227.          414.            2.        ]
 [  -6.08420944  195.          427.            2.        ]
 [   6.02481842  233.          418.            2.        ]
 [  11.20152283  476.          423.            2.        ]
 [   4.20184326  406.          437.            2.        ]
 [  -5.61090088  418.          442.            2.        ]
 [  -7.20979309  152.          448.            2.        ]
 [  -6.95957565  110.          474.            2.        ]
 [   3.09836578  414.          497.            2.        ]
 [   5.41481781   88.          502.            2.        ]
 [  -8.85599518  363.           68.            3.        ]
 [  -7.04732895  387.          109.            3.        ]
 [  -6.31152344  185.          138.            3.        ]
 [  -7.64040375  264.          136.            3.        ]
 [ -17.56454468  248.          136.            3.        ]
 [   4.24755859  427.          142.            3.        ]
 [   9.51704407  472.          150.            3.        ]
 [  -9.71443176  462.          153.            3.        ]
 [  -5.56528854  252.          152.            3.        ]
 [   5.34026337  290.          159.            3.        ]
 [   9.70598602  297.          173.            3.        ]
 [  -7.77114105  449.          177.            3.        ]
 [   3.01086807  219.          207.            3.        ]
 [  -4.55563354  253.          200.            3.        ]
 [   3.13136673  428.          192.            3.        ]
 [   6.68737793  480.          207.            3.        ]
 [  -5.78598785  207.          213.            3.        ]
 [   5.04452515  115.          220.            3.        ]
 [   3.03556061  299.          226.            3.        ]
 [   7.80042267  419.          230.            3.        ]
 [   9.93284607  177.          244.            3.        ]
 [  -8.84401703  196.          264.            3.        ]
 [   4.67887878  232.          270.            3.        ]
 [  18.45861816  268.          275.            3.        ]
 [   9.87445068   91.          301.            3.        ]
 [   7.34663391  356.          318.            3.        ]
 [  -5.27362442  269.          345.            3.        ]
 [  14.0821228   269.          337.            3.        ]
 [  -6.95206451  236.          373.            3.        ]
 [ -10.80053329  211.          374.            3.        ]
 [  15.69091797  187.          390.            3.        ]
 [   4.34234619  464.          418.            3.        ]
 [ -11.85948944  403.          445.            3.        ]
 [  -7.30781937  182.          432.            3.        ]
 [  -8.43457031  134.          458.            3.        ]
 [   4.66038513  490.          461.            3.        ]
 [ -13.28846741  408.          478.            3.        ]

