 [  -4.88566589   54.            5.            1.        ]
 [  -5.03024673   89.           25.            1.        ]
 [  -6.45850372   31.           17.            1.        ]
 [  -6.21355057   67.           35.            1.        ]
 [  -3.73999023   46.           38.            1.        ]
 [  13.04904938   88.           40.            1.        ]
 [  10.99832153   45.           32.            1.        ]
 [  -4.44472504  109.           52.            1.        ]
 [   2.74902344  114.           63.            1.        ]
 [  -4.12104034  119.           33.            1.        ]
 [   3.4736557    47.           50.            1.        ]
 [  13.57608032   65.           58.            1.        ]
 [  -9.37612534   54.           60.            1.        ]
 [   8.46311951   51.           70.            1.        ]
 [ -15.95028687   66.           64.            1.        ]
 [   5.34236145   94.           74.            1.        ]
 [ -12.12020111   51.           86.            1.        ]
 [   6.86611938   26.           88.            1.        ]
 [  -4.03620911    5.           81.            1.        ]
 [   5.85330963  103.           96.            1.        ]
 [   6.28114319   76.          101.            1.        ]
 [ -10.75195312   73.           97.            1.        ]
 [  -8.72913361   77.            5.            2.        ]
 [  -4.91847229   37.           37.            2.        ]
 [  -7.00507736   77.           36.            2.        ]
 [  -9.35295868   71.           47.            2.        ]
 [  11.64155579   60.           62.            2.        ]
 [   9.94871521   85.           78.            2.        ]
 [  12.7769928   105.           85.            2.        ]
 [  14.20870972   59.           83.            2.        ]
 [ -19.66094971   28.           94.            2.        ]
 [ -11.48970795   22.           80.            2.        ]
 [  -9.6293869   101.          109.            2.        ]
 [   7.93776703  108.           41.            3.        ]
 [  -7.90848541  120.           46.            3.        ]
 [   4.24954224   86.           60.            3.        ]
 [  -4.39499664  109.           32.            3.        ]
 [   7.28968811   74.           66.            3.        ]
 [ -10.63076019   66.           87.            3.        ]
 [  10.82783508   75.           80.            3.        ]
 [   3.32214355    6.           88.            3.        ]
 [  18.77862549   33.          100.            3.        ]
 [  14.25093079  110.          111.            3.        ]
 [ -12.11209106  119.           99.            3.        ]
 [  11.67453003   97.          117.            3.        ]
