 [  6.97340393  31.          54.           1.        ]
 [  6.8290863   45.          49.           1.        ]
 [ -7.00766754  24.          11.           2.        ]
 [-12.12805176  25.          30.           2.        ]
 [-14.77043152  46.          43.           2.        ]
 [-14.98955536  14.          56.           2.        ]
 [ -8.70488739  56.          13.           3.        ]
 [-10.3236351   48.          26.           3.        ]
 [ -2.90945435  12.          22.           3.        ]
 [-14.38220215  28.          49.           3.        ]

