 [   3.61222887  487.02139282    5.94452381    2.12958908]
 [  -1.           -1.           -1.           -1.        ]
 [   3.70714545  369.8399353    20.76189232    1.96385539]
 [  -7.32137966  349.46398926   67.17923737    1.938115  ]
 [ -11.5171423   397.20898438   67.22466278    2.28773355]
 [  -6.78916121  387.35665894   82.18795013    1.84885025]
 [   9.18880844  350.57144165   82.96081543    2.04501081]
 [  -7.59776497  347.34396362   89.53034973    2.16051841]
 [ -11.74478436  307.11462402   92.85683441    1.81993961]
 [  10.34399796  405.16116333   92.54216766    2.03391075]
 [ -14.02223301  276.31573486   93.83898926    2.07977295]
 [   8.38240528  282.60070801   95.45733643    2.10832238]
 [ -11.20374584  402.57763672   98.38960266    2.08062291]
 [  -4.90213156  416.99154663  100.60315704    2.02210402]
 [  -3.74948263  410.53753662  104.14733887    1.95614851]
 [  -8.98275185  283.69241333  105.4105072     1.95533562]
 [  -8.1190033   428.16488647  108.65545654    1.74504697]
 [  12.13320923  367.5425415   114.32266235    2.04825568]
 [  -5.00116873  414.46673584  114.39287567    2.10289145]
 [  -1.           -1.           -1.           -1.        ]
 [  19.44166565  271.67678833  117.42599487    1.96671319]
 [   3.50953007  253.94760132  120.98815155    1.90811408]
 [  -3.70050526  342.55383301  122.1723175     2.12958932]
 [  -7.41793633  416.72613525  123.90630341    1.79087484]
 [  -7.30533314  281.98547363  124.84163666    1.92922533]
 [   3.52332449  356.07208252  127.75301361    2.18035984]
 [ -11.15174198  391.98800659  128.77357483    2.12859511]
 [  -9.22578526  497.23257446  130.10972595    2.024894  ]
 [  -8.52132893  364.47149658  131.12709045    1.8716954 ]
 [  -5.93958473  115.4845047   133.81254578    1.85965621]
 [ -10.31302166  504.5140686   133.62548828    2.06776285]
 [   8.47879505  281.69683838  135.17805481    2.14236951]
 [   9.97141647  396.83190918  134.39805603    1.79358602]
 [  10.86711121  497.93106079  136.4054718     1.95986009]
 [  -6.60546064  458.55603027  137.39649963    2.25753951]
 [  -7.55830288  276.7880249   140.96955872    2.19753218]
 [   8.6077795   344.20019531  141.9858551     2.00096202]
 [ -10.45565319  259.39233398  142.46463013    2.18721318]
 [  -3.79692388  180.65884399  148.40519714    2.03323722]
 [  18.16557121  329.35961914  148.41946411    1.86936319]
 [ -13.88888359  344.31567383  147.45384216    2.0341785 ]
 [  -3.51901484  317.25869751  149.2989502     2.38019681]
 [  -4.78045082  170.35690308  150.21235657    1.67677331]
 [  -3.9210453   192.2149353   151.66075134    1.76153374]
 [   6.59239101  443.16213989  151.92584229    1.92994976]
 [   5.46124172  426.70788574  157.3175354     1.8742007 ]
 [  10.75022411  420.41622925  163.56199646    1.95258605]
 [  -9.08733368  457.01681519  163.67999268    2.16702819]
 [ -13.55728912  445.10620117  167.94755554    1.80818558]
 [ -14.62833786  430.09881592  171.10650635    2.15839744]
 [  18.22806168  309.42147827  171.8800354     1.9698683 ]
 [  14.74068451  457.78921509  173.31092834    2.06834102]
 [  19.87322617  426.04632568  176.91600037    2.26002383]
 [  -1.           -1.           -1.           -1.        ]
 [  -9.13292885  335.84918213  178.59454346    2.12492704]
 [   4.24660921  393.07678223  180.03460693    1.58460176]
 [  -8.13547802  219.89720154  181.34432983    2.18499351]
 [  -4.17692375  389.5307312   185.38873291    1.89201379]
 [  -3.64188075  397.69003296  184.78723145    2.21227121]
 [  -4.06138849  401.57458496  185.02287292    2.08767915]
 [   4.62546206  199.73252869  188.38310242    2.0872333 ]
 [   4.22198582  136.99307251  190.34541321    2.05477881]
 [  -1.           -1.           -1.           -1.        ]
 [ -11.06288338  325.3291626   197.18821716    2.02575326]
 [   7.10488987  195.82060242  199.30371094    1.83891129]
 [   5.12310505  485.29980469  199.69563293    1.88390064]
 [   4.60657883  209.39463806  202.9644928     2.23349261]
 [   3.58425736  344.24291992  206.25027466    1.87299883]
 [  -1.           -1.           -1.           -1.        ]
 [  -5.84218931  111.57332611  213.12797546    2.05676794]
 [  -5.3070426   350.1534729   212.5375061     2.13552022]
 [  -1.           -1.           -1.           -1.        ]
 [   4.11635923  169.93904114  214.37585449    1.97179031]
 [  -4.35202122  237.29013062  216.17840576    1.83980465]
 [   5.1948061   474.52514648  216.89797974    1.84209442]
 [  -1.           -1.           -1.           -1.        ]
 [  -7.38295269  220.72206116  221.14112854    1.96340334]
 [  -1.           -1.           -1.           -1.        ]
 [   9.13688946  192.57643127  239.56971741    2.21396637]
 [  -4.92133236  200.74882507  239.05810547    1.90721631]
 [   4.11768627  413.86651611  243.28231812    2.1272943 ]
 [  -9.38413811  191.58403015  248.79826355    1.99978864]
 [  -8.12218761  181.49075317  254.8427124     1.84219861]
 [   7.33032703  251.55285645  264.78179932    2.22759628]
 [  11.60383892  252.23498535  272.79943848    2.12846351]
 [  -7.66304159  277.96350098  273.32833862    1.9727881 ]
 [ -12.35928631  190.05812073  274.06103516    2.08124924]
 [   5.92696381  205.56941223  274.04266357    2.13002253]
 [  -8.86285591  248.11982727  279.38705444    2.01950288]
 [   6.90804768   70.30747986  280.8828125     2.18856502]
 [   5.20720768  194.79341125  286.19198608    1.97106671]
 [  -4.13810921  317.94628906  286.28909302    2.03064227]
 [ -16.10614204  177.88983154  288.84646606    1.99852395]
 [  -1.           -1.           -1.           -1.        ]
 [  -1.           -1.           -1.           -1.        ]
 [   7.25675297  356.11141968  295.67382812    2.16277552]
 [ -10.75982666   80.3961792   301.22528076    2.13094044]
 [   9.96065426  355.58969116  304.43399048    2.06620741]
 [   6.03667879  330.83966064  309.67276001    1.99508119]
 [ -10.14358139  349.38522339  309.80587769    2.03424764]
 [  -4.15268993  158.96759033  317.29101562    1.91724575]
 [   7.10488462  133.32987976  334.86599731    2.383883  ]
 [  -3.50153828  377.15536499  345.98623657    2.24559426]
 [ -12.4092989   407.19036865  347.8777771     2.16226411]
 [   4.08065653  393.9637146   350.87786865    2.14766598]
 [  -8.0726757   222.33610535  369.83935547    2.08239722]
 [  -8.74533558  336.68453979  369.67407227    2.37136722]
 [  -7.06121874  247.66688538  373.0663147     2.0606401 ]
 [  13.65629005  197.2688446   382.05862427    1.67010403]
 [  -7.09867334  259.30236816  402.99545288    2.19740438]
 [ -11.85681629  177.56614685  406.11175537    1.89104974]
 [ -13.63799286  115.72501373  418.18792725    2.30498266]
 [  -1.           -1.           -1.           -1.        ]
 [  -1.           -1.           -1.           -1.        ]
 [   4.84804344   50.07809067  458.04766846    1.98671997]
 [  -1.           -1.           -1.           -1.        ]
 [  -3.95722127  452.22045898  481.1262207     1.90528035]

