[  0.000000  50.077950          458.047760            1.986763        ]
[  0.000000  70.307472          280.882721            2.188618        ]
[  0.000000  80.396194          301.225311            2.130942        ]
[  0.000000  111.573334          213.127945            2.056780        ]
[  0.000000  115.484489          133.812531            1.859645        ]
[  0.000000  115.725021          418.187927            2.304980        ]
[  0.000000  133.329987          334.866150            2.383863        ]
[  0.000000  136.993057          190.345444            2.054775        ]
[  0.000000  158.967529          317.291046            1.917271        ]
[  0.000000  170.356873          150.212357            1.676790        ]
[  0.000000  169.939011          214.375931            1.971794        ]
[  0.000000  177.889832          288.846466            1.998523        ]
[  0.000000  177.566132          406.111786            1.891055        ]
[  0.000000  180.658890          148.405121            2.033222        ]
[  0.000000  181.490753          254.842728            1.842198        ]
[  0.000000  190.058121          274.061066            2.081250        ]
[  0.000000  191.584015          248.798264            1.999789        ]
[  0.000000  192.214981          151.660690            1.761484        ]
[  0.000000  192.576416          239.569748            2.213973        ]
[  0.000000  194.793457          286.191956            1.971078        ]
[  0.000000  195.820602          199.303726            1.838913        ]
[  0.000000  197.268921          382.058624            1.670051        ]
[  0.000000  199.732529          188.383072            2.087246        ]
[  0.000000  200.748810          239.058105            1.907212        ]
[  0.000000  205.569275          274.042725            2.129976        ]
[  0.000000  209.394669          202.964462            2.233506        ]
[  0.000000  219.897202          181.344330            2.184990        ]
[  0.000000  220.722046          221.141129            1.963400        ]
[  0.000000  222.336105          369.839355            2.082398        ]
[  0.000000  237.290131          216.178406            1.839803        ]
[  0.000000  248.119827          279.387054            2.019493        ]
[  0.000000  247.666870          373.066315            2.060641        ]
[  0.000000  251.552872          264.781799            2.227602        ]
[  0.000000  252.234985          272.799469            2.128466        ]
[  0.000000  253.947632          120.988152            1.908125        ]
[  0.000000  259.392365          142.464630            2.187214        ]
[  0.000000  259.302368          402.995453            2.197396        ]
[  0.000000  271.676788          117.425995            1.966713        ]
[  0.000000  276.315735          93.838982            2.079770        ]
[  0.000000  276.788025          140.969559            2.197535        ]
[  0.000000  277.963501          273.328369            1.972787        ]
[  0.000000  281.985474          124.841637            1.929223        ]
[  0.000000  281.696838          135.178101            2.142382        ]
[  0.000000  282.600677          95.457352            2.108324        ]
[  0.000000  283.692413          105.410492            1.955333        ]
[  0.000000  307.114624          92.856827            1.819940        ]
[  0.000000  309.421478          171.880035            1.969869        ]
[  0.000000  317.258759          149.298965            2.380240        ]
[  0.000000  317.946259          286.289124            2.030628        ]
[  0.000000  325.329163          197.188217            2.025754        ]
[  0.000000  329.359619          148.419464            1.869365        ]
[  0.000000  330.839844          309.673096            1.995259        ]
[  0.000000  335.849243          178.594482            2.124930        ]
[  0.000000  336.684540          369.674042            2.371368        ]
[  0.000000  342.553833          122.172318            2.129585        ]
[  0.000000  344.200195          141.985855            2.000966        ]
[  0.000000  344.315674          147.453842            2.034178        ]
[  0.000000  344.242920          206.250275            1.873007        ]
[  0.000000  347.343994          89.530350            2.160510        ]
[  0.000000  349.464050          67.179237            1.938096        ]
[  0.000000  349.385223          309.805878            2.034241        ]
[  0.000000  350.153473          212.537506            2.135519        ]
[  0.000000  350.571472          82.960808            2.045021        ]
[  0.000000  356.071930          127.752991            2.180375        ]
[  0.000000  356.111389          295.673798            2.162779        ]
[  0.000000  355.589691          304.434021            2.066207        ]
[  0.000000  364.471497          131.127106            1.871693        ]
[  0.000000  367.542572          114.322662            2.048255        ]
[  0.000000  369.839935          20.761898            1.963855        ]
[  0.000000  377.155365          345.986267            2.245588        ]
[  0.000000  387.356659          82.187943            1.848847        ]
[  0.000000  389.530701          185.388733            1.892015        ]
[  0.000000  391.988007          128.773575            2.128595        ]
[  0.000000  393.076752          180.034607            1.584612        ]
[  0.000000  393.963715          350.877869            2.147645        ]
[  0.000000  396.831909          134.398056            1.793584        ]
[  0.000000  397.690063          184.787231            2.212274        ]
[  0.000000  397.208984          67.224663            2.287740        ]
[  0.000000  401.574585          185.022873            2.087680        ]
[  0.000000  402.577637          98.389603            2.080622        ]
[  0.000000  405.161163          92.542160            2.033910        ]
[  0.000000  407.190369          347.877777            2.162261        ]
[  0.000000  410.537506          104.147362            1.956144        ]
[  0.000000  414.466736          114.392868            2.102890        ]
[  0.000000  413.866516          243.282318            2.127308        ]
[  0.000000  416.991547          100.603157            2.022100        ]
[  0.000000  416.726135          123.906303            1.790874        ]
[  0.000000  420.416229          163.561996            1.952589        ]
[  0.000000  426.046326          176.916000            2.260019        ]
[  0.000000  426.707886          157.317520            1.874210        ]
[  0.000000  428.164917          108.655464            1.745047        ]
[  0.000000  430.098816          171.106506            2.158394        ]
[  0.000000  443.162140          151.925858            1.929947        ]
[  0.000000  445.106201          167.947556            1.808186        ]
[  0.000000  452.220459          481.126221            1.905269        ]
[  0.000000  457.016815          163.679993            2.167031        ]
[  0.000000  457.789215          173.310928            2.068345        ]
[  0.000000  458.556030          137.396484            2.257537        ]
[  0.000000  474.525177          216.897919            1.842110        ]
[  0.000000  485.299805          199.695618            1.883899        ]
[  0.000000  487.021393          5.944539            2.129597        ]
[  0.000000  497.232574          130.109726            2.024892        ]
[  0.000000  497.931061          136.405472            1.959860        ]
